   Step          Time           Temp          TotEng         KinEng         PotEng         Press         c_msd[4]   
         0   0              800           -23481.315      10.547628     -23491.863     -53169.091      0            
       500   0.5            771.83398     -23471.901      10.176272     -23482.077     -2093.8724      0.21254472   
      1000   1              810.04275     -23471.092      10.680037     -23481.772     -1124.4605      0.25361794   
      1500   1.5            936.30957     -23469.002      12.344806     -23481.347      6867.1264      0.213802     
      2000   2              812.14154     -23470.481      10.707708     -23481.188      4585.2662      0.48656352   
      2500   2.5            765.21934     -23470.916      10.089061     -23481.005     -3225.4941      0.76624898   
      3000   3              844.71297     -23469.154      11.137148     -23480.292      13938.688      0.83748621   
      3500   3.5            763.18443     -23472.091      10.062232     -23482.153      5318.9678      0.95684266   
      4000   4              798.55216     -23470.56       10.528539     -23481.089      4722.7664      0.83738461   
      4500   4.5            805.88122     -23469.21       10.625169     -23479.835      7401.2084      0.91821526   
      5000   5              828.46638     -23468.08       10.922944     -23479.003      11282.98       1.3426046    
      5500   5.5            760.57764     -23471.363      10.027862     -23481.391     -9745.2372      1.5542173    
      6000   6              824.36028     -23470.056      10.868807     -23480.925      4088.2591      1.7263315    
      6500   6.5            784.00033     -23470.307      10.33668      -23480.643      524.7572       2.1238265    
      7000   7              752.32969     -23471.731      9.919117      -23481.65      -4437.6191      2.5369018    
      7500   7.5            915.49969     -23467.549      12.070438     -23479.62       9384.5163      2.4056571    
      8000   8              718.97188     -23471.525      9.4793098     -23481.004      384.00491      2.8243171    
      8500   8.5            734.0185      -23471.937      9.6776924     -23481.615      1908.3564      3.1004125    
      9000   9              645.73443     -23471.806      8.513708      -23480.32       4722.1042      2.9715896    
      9500   9.5            885.34419     -23469.439      11.672851     -23481.112     -268.68224      3.0852708    
     10000   10             644.89331     -23471.567      8.5026183     -23480.07       7807.533       3.458519     
     10500   10.5           956.29339     -23468.88       12.608284     -23481.488     -3660.9029      3.6465797    
     11000   11             748.1935      -23471.231      9.8645832     -23481.096      6233.9987      3.5784366    
     11500   11.5           747.9782      -23469          9.8617447     -23478.862      10962.445      3.5669007    
     12000   12             783.5221      -23469.523      10.330374     -23479.853      17650.77       3.6891288    
     12500   12.5           856.49511     -23470.806      11.29249      -23482.099      4949.9481      3.5587969    
     13000   13             804.3572      -23471.715      10.605075     -23482.32      -667.36676      3.6112793    
     13500   13.5           739.08961     -23471.345      9.7445526     -23481.09       6593.8098      3.5092223    
     14000   14             787.79424     -23470.209      10.386701     -23480.596      5486.8548      3.503634     
     14500   14.5           792.05155     -23469.662      10.442831     -23480.104      4896.3419      3.5434408    
     15000   15             834.55696     -23468.858      11.003245     -23479.861      11562.851      3.8587903    
     15500   15.5           856.50152     -23470.872      11.292574     -23482.165     -2046.2973      3.9709621    
     16000   16             857.58201     -23468.098      11.30682      -23479.405      5503.6728      4.4844227    
     16500   16.5           796.08282     -23470.657      10.495982     -23481.153      4515.7784      4.9149926    
     17000   17             835.37799     -23472.826      11.01407      -23483.841     -9210.4299      5.0555988    
     17500   17.5           849.87906     -23470.748      11.20526      -23481.953      3214.4031      4.91059      
     18000   18             827.124       -23470.947      10.905245     -23481.852      1886.3715      5.1240436    
     18500   18.5           834.14015     -23470.432      10.99775      -23481.43       2083.4061      5.0462688    
     19000   19             897.67954     -23468.005      11.835487     -23479.84       4967.943       5.1401942    
     19500   19.5           885.9801      -23468.584      11.681236     -23480.266      11229.129      4.9375051    
     20000   20             741.17441     -23471.413      9.7720398     -23481.185      4275.0325      4.9311956    
     20500   20.5           659.38062     -23472.426      8.6936267     -23481.12       863.04456      4.9109418    
     21000   21             738.95363     -23472.429      9.7427599     -23482.172     -6658.5462      4.9369602    
     21500   21.5           758.50531     -23469.146      10.00054      -23479.147      11479.59       5.3739701    
     22000   22             725.55182     -23471.561      9.5660633     -23481.127     -1744.84        5.7650316    
     22500   22.5           924.15007     -23467.784      12.184489     -23479.969      6883.2034      5.885301     
     23000   23             738.4898      -23472.313      9.7366445     -23482.05      -4366.4981      5.7117732    
     23500   23.5           766.138       -23471.663      10.101173     -23481.764     -953.13182      5.6882839    
     24000   24             872.21817     -23469.824      11.499791     -23481.323     -522.65519      5.8307179    
     24500   24.5           768.1773      -23469.956      10.12806      -23480.084      5715.1284      6.1480086    
     25000   25             909.10814     -23469.519      11.986168     -23481.505      1593.0222      6.6812126    
     25500   25.5           756.81202     -23471.842      9.9782143     -23481.82      -87.973217      6.5502858    
     26000   26             841.23458     -23468.733      11.091287     -23479.824      6878.5268      6.611624     
     26500   26.5           825.54448     -23471.226      10.88442      -23482.111     -1772.795       6.3301186    
     27000   27             735.75053     -23470.34       9.7005285     -23480.041      10045.862      6.4757615    
     27500   27.5           867.90124     -23470.556      11.442874     -23481.999      4161.5116      6.3946718    
     28000   28             743.41087     -23472.008      9.8015265     -23481.809     -67.09463       6.3480528    
     28500   28.5           768.58644     -23470.967      10.133455     -23481.1        5657.8341      6.3177477    
     29000   29             839.27559     -23469.689      11.065458     -23480.755      6168.8635      6.5487463    
     29500   29.5           811.5811      -23469.569      10.700319     -23480.27       4470.6289      6.5911917    
     30000   30             914.95304     -23468.746      12.06323      -23480.809      644.27793      6.7248305    
     30500   30.5           756.17023     -23471.509      9.9697528     -23481.479      2329.4646      6.8211034    
     31000   31             847.71451     -23471.327      11.176721     -23482.503      153.91223      6.8116403    
     31500   31.5           780.34032     -23470.175      10.288424     -23480.464      6104.9301      6.9990783    
     32000   32             813.2785      -23472.04       10.722699     -23482.762     -3829.922       6.9771774    
     32500   32.5           829.33319     -23469.945      10.934372     -23480.879      6248.6688      6.7843552    
     33000   33             851.94768     -23469.655      11.232534     -23480.887      7375.1776      6.5765803    
     33500   33.5           790.10974     -23471.549      10.417229     -23481.966     -8179.7348      6.8136534    
     34000   34             769.08182     -23469.67       10.139986     -23479.81       7984.0962      7.0434787    
     34500   34.5           790.55364     -23471.421      10.423082     -23481.844      5791.628       7.0606921    
     35000   35             752.96804     -23472.398      9.9275333     -23482.326     -4276.4807      6.8492136    
     35500   35.5           822.07822     -23469.814      10.838719     -23480.653      13441.611      6.9444508    
     36000   36             739.26466     -23469.882      9.7468607     -23479.629      11377.184      7.1446329    
     36500   36.5           729.67225     -23469.521      9.6203891     -23479.142      8724.0026      7.5320341    
     37000   37             810.08456     -23469.171      10.680588     -23479.852      11697.643      7.4223457    
     37500   37.5           725.94425     -23471.281      9.5712372     -23480.853      1242.147       7.6963466    
     38000   38             819.89383     -23465.822      10.809919     -23476.631      22652.043      8.4565426    
     38500   38.5           764.85227     -23471.329      10.084221     -23481.413      351.27607      8.8856905    
     39000   39             674.78468     -23472.837      8.8967221     -23481.734     -6051.9629      9.1076878    
     39500   39.5           814.83258     -23469.708      10.743188     -23480.452      9338.4862      9.4732704    
     40000   40             787.10967     -23470.468      10.377675     -23480.846     -3609.4233      9.2294043    
     40500   40.5           772.56568     -23469.938      10.185919     -23480.123      3886.3581      8.9657925    
     41000   41             773.12156     -23471.157      10.193248     -23481.35      -2067.4136      9.023402     
     41500   41.5           788.20248     -23471.773      10.392083     -23482.165      348.0766       9.3885597    
     42000   42             762.37046     -23471.946      10.0515       -23481.998     -1256.6549      8.5994855    
     42500   42.5           721.35926     -23473.183      9.5107863     -23482.694     -3757.9419      8.8656657    
     43000   43             842.69959     -23469.792      11.110602     -23480.902      4187.1601      8.7348348    
     43500   43.5           864.16719     -23469.054      11.393642     -23480.447      6684.9379      9.2162203    
     44000   44             911.69757     -23469.594      12.020308     -23481.614     -620.22811      9.1882443    
     44500   44.5           815.36069     -23470.073      10.750151     -23480.823      4711.4716      8.746177     
     45000   45             777.7033      -23471.573      10.253656     -23481.826      2679.6639      9.3476069    
     45500   45.5           726.66336     -23470.268      9.5807183     -23479.848      10086.435      9.2179045    
     46000   46             869.31848     -23470.454      11.46156      -23481.915      8566.3724      8.9907583    
     46500   46.5           768.94043     -23470.477      10.138122     -23480.615      6118.7056      9.1489618    
     47000   47             833.90677     -23469.408      10.994673     -23480.403      2265.9105      8.7751671    
     47500   47.5           774.43783     -23468.735      10.210603     -23478.946      8720.9593      9.320474     
     48000   48             750.10536     -23470.896      9.8897902     -23480.786      208.43739      10.144489    
     48500   48.5           924.3643      -23469.298      12.187313     -23481.485      81.788723      9.9757897    
     49000   49             829.50732     -23470.999      10.936668     -23481.935     -1204.5257      9.8239904    
     49500   49.5           838.2146      -23471.207      11.051469     -23482.258     -2462.4064      9.880022     
     50000   50             829.55455     -23472.222      10.937291     -23483.159     -6543.0381      9.5805184    
